1.1075 1 75 1 1
1.2548 1 87 3 1
1.2551 1 87 1 1
1.5564 1 111 1 1
1.6016 1 115 1 2
1.7592 1 129 1 1
1.9911 1 149 1 1
2.0387 1 153 1 1
2.1684 1 165 2 1
2.2143 1 169 1 1
2.2372 1 171 1 1
2.4186 1 187 1 1
2.7045 1 211 1 1
2.9302 1 229 2 1
3.3244 1 263 2 1
3.3248 1 263 1 1
3.9065 1 317 1 1
4.3125 1 349 1 1
4.3354 1 351 1 1
4.4901 1 363 1 1
4.7809 1 383 1 1
4.857 1 389 1 1
5.0524 1 403 1 1
5.1635 1 411 1 1
5.3932 1 427 2 1
5.3936 1 427 2 1
5.4744 1 433 1 1
5.5573 1 439 2 1
5.6598 1 447 2 1
5.755 1 453 1 1
6.0422 1 475 3 1
6.0426 1 475 2 1
6.4974 1 515 1 1
6.7124 1 533 2 1
6.8297 1 541 4 2
6.854 1 543 1 1
6.963 1 551 2 1
7.0941 1 561 3 1
7.1456 1 565 2 1
7.1778 1 567 1 1
7.369 1 581 4 1
7.4252 1 585 2 1
7.5055 1 591 2 1
7.5326 1 593 1 1
7.6093 1 599 1 1
7.8395 1 615 1 1
7.9792 1 625 2 1
8.0017 1 627 1 1
8.0958 1 635 1 1
8.3751 1 657 2 1
8.5117 1 667 2 1
8.6338 1 677 2 1
8.7296 1 685 1 1
9.0522 1 709 2 1
9.2071 1 719 1 1
9.2785 1 725 2 1
9.3042 1 727 1 1
9.4275 1 737 2 1
9.455 1 739 1 1
9.644 1 751 2 1
9.8733 1 767 2 1
10.003 1 777 1 1
10.1947 1 791 2 1
10.2946 1 797 3 1
10.2949 1 797 1 1
10.4008 1 805 1 1
10.517 1 813 1 1
10.5173 1 813 2 1
10.5416 1 815 1 1
10.7387 1 829 2 1
10.7627 1 831 1 1
10.7867 1 833 1 1
10.7869 1 833 2 1
10.874 1 839 2 1
10.8969 1 841 1 1
10.9192 1 843 2 1
11.0385 1 853 2 1
11.1064 1 859 2 2
11.2228 1 869 2 1
11.4642 1 889 4 1
11.7962 1 913 2 1
11.8613 1 917 2 1
12.013 1 929 1 2
12.0134 1 929 2 1
12.0844 1 935 4 1
12.1638 1 941 2 1
12.3455 1 953 2 1
12.3732 1 955 2 1
12.4686 1 963 2 1
12.5798 1 973 1 1
12.7565 1 989 3 1
12.948 1 1005 1 1
13.3715 1 1045 4 2
13.5998 1 1063 1 1
13.819 1 1077 2 2
14.1082 1 1097 2 1
14.3252 1 1115 1 1
14.3723 1 1119 4 2
14.4406 1 1125 1 1
14.5302 1 1133 1 1
14.781 1 1155 1 2
14.9807 1 1171 3 1
15.1229 1 1183 1 2
15.5543 1 1227 1 1
16.0694 1 1269 1 1
16.101 1 1271 2 1
16.2739 1 1281 1 1
16.2742 1 1281 2 1
16.334 1 1285 2 1
16.4166 1 1291 2 1
16.6538 1 1309 1 1
16.8756 1 1327 2 1
16.8983 1 1329 1 1
17.2754 1 1361 2 1
17.3815 1 1371 1 1
17.4989 1 1381 1 1
18.6408 1 1489 1 1
18.8429 1 1509 1 1
19.4804 1 1563 1 1
19.5595 1 1569 1 1
19.9685 1 1605 1 1
20.1633 1 1621 3 1
20.5753 1 1657 2 1
21.0262 1 1697 1 1
21.0265 1 1697 2 1
21.2731 1 1717 1 1
21.3837 1 1727 1 1
21.4373 1 1731 1 1
21.5557 1 1741 1 1
21.6003 1 1745 1 1
21.8859 1 1771 2 1
21.9938 1 1781 1 1
22.6813 1 1837 1 1
22.6816 1 1837 1 1
22.8964 1 1853 2 1
23.0644 1 1865 1 1
23.2285 1 1875 2 1
23.3964 1 1885 2 1
23.4267 1 1887 2 1
23.4918 1 1891 1 1
23.6217 1 1899 2 1
23.7484 1 1907 1 1
23.7806 1 1909 4 1
23.8452 1 1913 2 1
23.9742 1 1921 2 1
24.0982 1 1929 1 1
24.0986 1 1929 2 1
24.229 1 1939 2 1
24.2954 1 1943 1 1
24.3463 1 1947 2 1
24.4444 1 1953 2 1
24.4899 1 1957 2 1
24.6341 1 1967 4 1
24.7402 1 1975 1 1
24.7716 1 1977 2 1
24.868 1 1985 2 1
24.8909 1 1987 1 1
24.9601 1 1993 2 1
25.0282 1 1999 1 1
25.1724 1 2011 1 1
25.2416 1 2017 2 1
25.3095 1 2023 1 1
25.379 1 2029 4 2
25.6468 1 2049 1 1
25.7002 1 2053 1 1
25.7277 1 2055 2 1
25.9309 1 2071 1 1
25.9798 1 2075 2 1
26.0061 1 2077 1 1
26.1489 1 2089 2 1
26.3153 1 2101 1 1
26.7456 1 2133 2 1
26.7782 1 2135 2 1
26.8802 1 2143 2 1
26.9083 1 2145 1 1
26.933 1 2147 2 1
27.0506 1 2157 2 1
27.0731 1 2159 2 1
27.1202 1 2163 1 1
27.3484 1 2181 1 1
27.3984 1 2185 2 1
27.7137 1 2207 1 1
27.7141 1 2207 2 1
27.737 1 2209 1 1
27.7873 1 2213 2 1
27.8692 1 2219 2 1
27.9876 1 2227 1 1
28.0844 1 2233 2 1
28.1265 1 2235 1 1
28.1519 1 2237 2 1
28.2731 1 2245 2 1
28.2955 1 2247 1 1
28.3695 1 2253 4 1
28.3699 1 2253 2 1
28.5741 1 2269 2 1
28.5991 1 2271 1 1
28.7288 1 2281 4 2
28.7716 1 2283 1 1
28.7939 1 2285 2 1
28.8773 1 2291 1 1
28.951 1 2297 4 1
29.0931 1 2307 3 1
29.0934 1 2307 1 1
29.2744 1 2319 4 2
29.2985 1 2321 1 1
29.708 1 2355 1 1
29.8873 1 2369 2 1
30.1513 1 2393 3 1
30.3355 1 2411 1 1
30.9167 1 2461 2 1
30.9394 1 2463 1 2
31.0708 1 2473 1 1
31.2271 1 2487 1 1
31.6348 1 2519 1 1
32.0792 1 2553 1 1
32.4339 1 2585 3 1
33.0519 1 2641 1 2
33.3384 1 2667 1 1
33.5376 1 2683 1 1
33.7152 1 2695 1 1
33.7379 1 2697 1 1
33.9539 1 2717 1 1
34.4324 1 2763 1 1
35.0474 1 2811 1 1
35.1934 1 2821 1 1
35.2411 1 2825 3 1
35.6304 1 2853 1 1
35.692 1 2857 1 1
35.7393 1 2861 1 1
35.8363 1 2867 1 1
35.9984 1 2879 1 1
36.1301 1 2887 1 1
36.2671 1 2897 1 1
36.4474 1 2907 1 1
36.594 1 2917 1 1
36.6193 1 2919 2 1
36.6668 1 2923 1 1
36.8168 1 2933 1 1
37.0059 1 2949 2 1
37.1224 1 2959 1 1
37.1898 1 2965 2 1
37.35 1 2979 1 1
4.0854 1 75 1 1
4.6598 1 87 3 1
4.66 1 87 1 1
5.7557 1 109 1 1
6.0923 1 115 1 2
6.7247 1 127 1 1
7.6364 1 147 1 1
7.8947 1 153 1 1
8.4684 1 165 2 1
1.0577 1 75 1 1
1.2433 1 87 3 1
1.2438 1 87 1 1
1.5341 1 109 1 1
1.6063 1 115 1 2
1.7629 1 129 1 1
1.9704 1 147 1 1
2.0402 1 153 1 1
2.1718 1 165 2 1
2.2138 1 169 1 1
2.2355 1 171 1 1
2.4244 1 187 1 1
2.7435 1 211 1 1
2.9516 1 229 2 1
3.3616 1 263 2 1
3.362 1 263 1 1
3.9185 1 317 1 1
4.2341 1 347 1 2
4.2344 1 347 1 1
4.4348 1 363 1 1
4.6831 1 383 1 1
4.7755 1 389 1 1
4.9455 1 403 1 1
5.0422 1 411 1 1
5.2411 1 427 2 1
5.2414 1 427 2 1
5.3104 1 433 1 1
5.3843 1 439 2 1
5.4757 1 447 2 1
5.5706 1 453 1 1
5.7178 1 465 1 1
5.867 1 475 3 1
5.8674 1 475 2 1
6.1428 1 499 1 1
6.3433 1 515 1 1
6.5711 1 533 2 1
6.6818 1 541 4 2
6.7258 1 543 1 1
6.8615 1 551 2 1
6.9782 1 561 3 1
7.0257 1 565 2 1
7.0529 1 567 1 1
7.2227 1 581 4 1
7.2745 1 585 2 1
7.3491 1 591 2 1
7.3741 1 593 1 1
7.4408 1 599 1 1
7.6295 1 615 1 1
7.7446 1 625 2 1
7.7677 1 627 1 1
7.8973 1 635 1 1
8.159 1 657 2 1
8.2845 1 667 2 1
8.4008 1 677 2 1
8.4914 1 685 1 1
8.776 1 709 2 1
8.9045 1 719 1 1
8.9704 1 725 2 1
8.9915 1 727 1 1
9.1189 1 737 2 1
9.1411 1 739 1 1
9.2788 1 751 2 1
9.4578 1 767 2 1
9.5878 1 777 1 1
9.7533 1 791 2 1
9.8397 1 797 3 1
9.84 1 797 1 1
9.9334 1 805 1 1
10.0408 1 813 1 1
10.0412 1 813 2 1
10.0659 1 815 1 1
10.2826 1 829 2 1
10.3064 1 831 1 1
10.333 1 833 1 1
10.3334 1 833 2 1
10.4323 1 839 2 1
10.458 1 841 1 1
10.4921 1 843 2 1
10.6528 1 853 2 1
10.7485 1 859 2 2
10.9091 1 869 2 1
11.1523 1 889 4 1
11.4251 1 913 2 1
11.4711 1 917 2 1
11.5662 1 925 1 2
11.6145 1 929 2 1
11.6815 1 935 4 1
11.7505 1 941 2 1
11.9096 1 953 2 1
11.9363 1 955 2 1
12.0318 1 963 2 1
12.1821 1 973 1 1
12.388 1 989 3 1
12.5719 1 1005 1 1
13.063 1 1045 4 2
13.3449 1 1063 1 1
13.5512 1 1077 2 2
13.7894 1 1097 2 1
14.0216 1 1115 1 1
14.0725 1 1119 4 2
14.143 1 1125 1 1
14.2354 1 1133 1 1
14.4122 1 1149 1 2
14.4783 1 1155 1 2
14.6568 1 1171 3 1
14.7923 1 1183 1 2
15.2381 1 1227 1 1
15.7126 1 1269 1 1
15.7441 1 1271 2 1
15.8676 1 1279 1 1
15.9072 1 1281 2 1
15.9633 1 1285 2 1
16.0478 1 1291 2 1
16.2609 1 1307 1 1
16.5415 1 1327 2 1
16.5635 1 1329 1 1
16.9302 1 1361 2 1
17.0497 1 1371 1 1
17.1576 1 1381 1 1
18.3363 1 1489 1 1
18.5663 1 1509 1 1
19.2237 1 1563 1 1
19.3121 1 1569 1 1
19.758 1 1605 1 1
19.9463 1 1621 3 1
20.3461 1 1657 2 1
20.7755 1 1697 1 1
20.7758 1 1697 2 1
21.0341 1 1717 1 1
21.1916 1 1725 1 1
21.2995 1 1731 1 1
21.4489 1 1741 1 1
21.4951 1 1745 1 1
21.7884 1 1771 2 1
21.9023 1 1781 1 1
22.468 1 1837 1 1
22.4683 1 1837 1 1
22.662 1 1853 2 1
22.83 1 1865 1 1
22.9876 1 1875 2 1
23.136 1 1885 2 1
23.1627 1 1887 2 1
23.2229 1 1891 1 1
23.3446 1 1899 2 1
23.4562 1 1907 1 1
23.4815 1 1909 4 1
23.5379 1 1913 2 1
23.6667 1 1921 2 1
23.7829 1 1929 1 1
23.7832 1 1929 2 1
23.9442 1 1939 2 1
24.0037 1 1943 1 1
24.067 1 1947 2 1
24.1828 1 1953 2 1
24.2476 1 1957 2 1
24.4186 1 1967 4 1
24.5444 1 1975 1 1
24.5799 1 1977 2 1
24.7177 1 1985 2 1
24.7425 1 1987 1 1
24.8275 1 1993 2 1
24.9003 1 1999 1 1
25.0716 1 2011 1 1
25.1615 1 2017 2 1
25.2569 1 2023 1 1
25.3493 1 2029 4 2
25.5945 1 2045 1 1
25.6405 1 2049 1 1
25.7227 1 2055 2 1
25.9443 1 2071 1 1
25.9931 1 2075 2 1
26.0161 1 2077 1 1
26.1666 1 2089 2 1
26.3376 1 2101 1 1
26.7776 1 2133 2 1
26.8116 1 2135 2 1
26.9066 1 2143 2 1
26.931 1 2145 1 1
26.9555 1 2147 2 1
27.0736 1 2157 2 1
27.0967 1 2159 2 1
27.15 1 2163 1 1
27.3697 1 2181 1 1
27.4168 1 2185 2 1
27.6911 1 2207 1 1
27.6914 1 2207 2 1
27.7138 1 2209 1 1
27.7755 1 2213 2 1
27.8621 1 2219 2 1
27.9934 1 2229 1 1
28.0663 1 2233 2 1
28.1024 1 2235 1 1
28.1274 1 2237 2 1
28.2246 1 2245 2 1
28.2469 1 2247 1 1
28.3408 1 2253 4 1
28.3411 1 2253 2 1
28.5614 1 2269 2 1
28.5863 1 2271 1 1
28.7304 1 2281 4 2
28.7543 1 2283 1 1
28.7766 1 2285 2 1
28.8453 1 2291 1 1
28.9107 1 2297 4 1
29.0252 1 2307 3 1
29.0254 1 2307 1 1
29.1533 1 2319 4 2
29.1762 1 2321 1 1
29.5758 1 2355 1 1
29.7526 1 2369 2 1
30.052 1 2393 3 1
30.2628 1 2411 1 1
30.8813 1 2461 2 1
30.9074 1 2463 1 2
31.052 1 2473 1 1
31.2105 1 2487 1 1
31.6504 1 2519 1 1
32.0513 1 2553 1 1
32.3968 1 2585 3 1
33.0003 1 2641 1 2
33.3017 1 2667 1 1
33.5227 1 2683 1 1
33.6735 1 2695 1 1
33.698 1 2697 1 1
34.4936 1 2765 1 1
35.0385 1 2811 1 1
35.1641 1 2821 1 1
35.2106 1 2825 3 1
35.5429 1 2853 1 1
35.5953 1 2857 1 1
35.6455 1 2861 1 1
35.7248 1 2867 1 1
35.8893 1 2879 1 1
36.0044 1 2887 1 1
36.1313 1 2897 1 1
36.2496 1 2907 1 1
36.3866 1 2917 1 1
36.4203 1 2919 2 1
36.4743 1 2923 1 1
36.5887 1 2933 1 1
36.7728 1 2949 2 1
36.8876 1 2959 1 1
36.9547 1 2965 2 1
37.1096 1 2979 1 1
1.0639 1 75 1 1
1.2325 1 87 3 1
1.2329 1 87 1 1
1.5587 1 113 1 1
1.5816 1 115 1 2
1.7178 1 127 1 1
1.9547 1 147 1 1
2.0276 1 153 1 1
2.1605 1 165 2 1
2.2062 1 169 1 1
2.2293 1 171 1 1
2.41 1 187 1 1
2.6521 1 211 1 1
2.8683 1 229 2 1
3.233 1 263 2 1
3.8139 1 317 1 1
4.2 1 349 1 1
4.3872 1 363 1 1
4.6485 1 383 1 1
4.7373 1 389 1 1
4.9127 1 403 1 1
5.0133 1 411 1 1
5.2272 1 427 2 1
5.2276 1 427 2 1
5.3061 1 433 1 1
5.3807 1 439 2 1
5.4795 1 447 2 1
5.5495 1 453 1 1
5.7068 1 465 1 1
5.8364 1 475 3 1
5.8367 1 475 2 1
6.1396 1 501 1 1
6.3086 1 515 1 1
6.5419 1 533 2 1
6.6549 1 541 4 2
6.6824 1 543 1 1
6.8163 1 551 2 1
6.9467 1 561 3 1
6.9903 1 565 2 1
7.0161 1 567 1 1
7.2092 1 581 4 1
7.2732 1 585 2 1
7.3738 1 591 2 1
7.3988 1 593 1 1
7.4769 1 599 1 1
7.6745 1 615 1 1
7.8312 1 625 2 1
7.8525 1 627 1 1
7.9521 1 635 1 1
8.2267 1 657 2 1
8.3883 1 667 2 1
8.5114 1 677 2 1
8.6092 1 685 1 1
8.8901 1 709 2 1
9.004 1 719 1 1
9.068 1 725 2 1
9.0876 1 727 1 1
9.2152 1 739 1 1
9.3485 1 751 2 1
9.5318 1 767 2 1
9.6655 1 777 1 1
9.8605 1 791 2 1
9.9364 1 797 3 1
9.9367 1 797 1 1
10.0342 1 805 1 1
10.1238 1 813 1 1
10.1242 1 813 2 1
10.1507 1 815 1 1
10.3262 1 829 2 1
10.348 1 831 1 1
10.3699 1 833 1 1
10.3702 1 833 2 1
10.446 1 839 2 1
10.4699 1 841 1 1
10.4915 1 843 2 1
10.608 1 853 2 1
10.6745 1 859 2 2
10.8077 1 869 2 1
11.1027 1 889 4 1
11.4596 1 913 2 2
11.5045 1 917 2 1
11.7268 1 935 4 1
11.8187 1 941 2 1
11.9674 1 953 2 1
11.9918 1 955 2 1
12.014 1 957 1 1
12.0835 1 963 2 1
12.1976 1 973 1 1
12.3905 1 989 3 1
12.5766 1 1005 1 1
13.0392 1 1045 4 2
13.2526 1 1063 1 1
13.4257 1 1077 2 2
13.6868 1 1097 2 1
13.9291 1 1115 1 1
13.9827 1 1119 4 2
14.0738 1 1125 1 1
14.1756 1 1133 1 1
14.5555 1 1155 1 1
14.7242 1 1171 3 1
14.876 1 1185 1 1
15.2705 1 1227 1 1
15.7223 1 1269 1 1
15.7464 1 1271 2 1
15.8587 1 1279 1 1
15.8977 1 1281 2 1
15.958 1 1285 2 1
16.0494 1 1291 2 1
16.2198 1 1305 1 1
16.4704 1 1327 2 1
16.4929 1 1329 1 1
16.882 1 1361 2 1
17.0206 1 1371 1 1
17.1337 1 1381 1 1
18.464 1 1489 1 1
18.7091 1 1509 1 1
19.2962 1 1563 1 1
19.3515 1 1567 1 1
19.806 1 1605 1 1
19.997 1 1621 3 1
20.3985 1 1657 2 1
20.8892 1 1697 1 1
20.8895 1 1697 2 1
21.2735 1 1717 1 1
21.4563 1 1727 1 1
21.5005 1 1731 1 1
21.6363 1 1741 1 1
21.6912 1 1745 1 1
22.0194 1 1771 2 1
22.1607 1 1781 1 1
22.7426 1 1837 1 1
22.7429 1 1837 1 1
22.9168 1 1853 2 1
23.0494 1 1865 1 1
23.1627 1 1875 2 1
23.2767 1 1885 2 1
23.2986 1 1887 2 1
23.3438 1 1891 1 1
23.4363 1 1899 2 1
23.5261 1 1907 1 1
23.5656 1 1909 4 1
23.6151 1 1913 2 1
23.7483 1 1921 2 1
23.8444 1 1929 1 1
23.8447 1 1929 2 1
24.009 1 1939 2 1
24.0507 1 1943 1 1
24.1279 1 1947 2 1
24.21 1 1953 2 1
24.275 1 1959 2 1
24.3917 1 1967 4 1
24.4944 1 1975 1 1
24.5196 1 1977 2 1
24.6719 1 1985 2 1
24.6945 1 1987 1 1
24.7574 1 1993 2 1
24.7997 1 1997 1 1
25.0226 1 2011 1 1
25.0897 1 2017 2 1
25.1795 1 2023 1 1
25.2497 1 2029 4 2
25.4901 1 2049 1 1
25.5362 1 2053 1 1
25.5739 1 2055 2 1
25.5978 1 2057 1 1
25.7502 1 2071 1 1
25.7956 1 2075 2 1
25.8183 1 2077 1 1
25.9544 1 2089 2 1
26.09 1 2101 1 1
26.4699 1 2133 2 1
26.4926 1 2135 2 1
26.6004 1 2143 2 1
26.625 1 2145 1 1
26.6485 1 2147 2 1
26.7706 1 2157 2 1
26.7951 1 2159 2 1
26.8397 1 2163 1 1
27.0435 1 2181 1 1
27.0909 1 2185 2 1
27.3597 1 2207 1 1
27.3599 1 2207 2 1
27.3818 1 2209 1 1
27.4292 1 2213 2 1
27.4997 1 2219 2 1
27.6936 1 2229 1 1
27.7415 1 2233 2 1
27.7667 1 2235 1 1
27.7924 1 2237 2 1
27.9303 1 2245 2 1
27.9811 1 2247 1 1
28.0539 1 2253 4 1
28.0542 1 2253 2 1
28.299 1 2269 2 1
28.3236 1 2271 1 1
28.4882 1 2281 4 2
28.5242 1 2283 1 1
28.547 1 2285 2 1
28.6677 1 2291 1 1
28.757 1 2297 4 1
28.872 1 2307 3 1
28.8723 1 2307 1 1
29.0608 1 2319 4 2
29.0902 1 2321 1 1
29.6162 1 2355 1 1
29.7785 1 2369 2 1
30.0779 1 2393 3 1
30.281 1 2411 1 1
30.9789 1 2461 2 1
31.0051 1 2463 1 2
31.1356 1 2473 1 1
31.2956 1 2487 1 1
31.7401 1 2519 1 1
32.1371 1 2553 1 1
32.4961 1 2585 3 1
33.1773 1 2641 1 2
33.4931 1 2667 1 1
33.7057 1 2683 1 1
33.8676 1 2693 1 1
33.917 1 2697 1 1
34.605 1 2763 1 1
35.2249 1 2811 1 1
35.3677 1 2821 1 1
35.4136 1 2825 3 1
35.792 1 2853 1 1
35.8137 1 2855 1 1
35.8839 1 2861 1 1
35.97 1 2867 1 1
36.106 1 2879 1 1
36.2004 1 2887 1 1
36.3144 1 2897 1 1
36.427 1 2907 1 1
36.5407 1 2917 1 1
36.5626 1 2919 2 1
36.6113 1 2923 1 1
36.7308 1 2933 1 1
36.9398 1 2949 2 1
37.0551 1 2959 1 1
37.1452 1 2965 2 1
37.3013 1 2979 1 1
3.8406 1 75 1 1
4.3961 1 87 3 1
4.3963 1 87 1 1
5.5197 1 109 1 1
5.7849 1 115 1 2
6.3148 1 127 1 1
7.3847 1 147 1 1
7.7306 1 153 1 1
8.4658 1 165 2 1
8.6516 1 169 1 1
8.7456 1 171 1 1
9.4612 1 187 1 1
10.5279 1 211 1 1
11.4911 1 229 2 1
13.31 1 263 2 1
15.8773 1 317 1 1
3.8534 1 75 1 1
4.423 1 87 3 1
4.4233 1 87 1 1
5.5518 1 109 1 1
5.882 1 115 1 2
6.5053 1 127 1 1
7.5192 1 147 1 1
7.7804 1 153 1 1
8.3268 1 165 2 1
8.5234 1 169 1 1
8.6206 1 171 1 1
9.4272 1 187 1 1
10.4408 1 211 1 1
11.4285 1 229 2 1
12.9394 1 263 2 1
12.9397 1 263 1 1
15.5838 1 317 1 1
16.961 1 347 1 1
17.066 1 349 1 2
17.8998 1 363 1 1
18.9856 1 383 1 1
19.2953 1 389 1 1
20.0949 1 403 1 1
20.438 1 411 1 1
21.2944 1 427 2 1
21.2947 1 427 2 1
21.6594 1 433 1 1
21.9381 1 439 2 1
22.2712 1 447 2 1
22.5364 1 453 1 1
23.1902 1 465 1 1
23.7735 1 475 3 1
23.7739 1 475 2 1
24.381 1 489 1 1
24.744 1 497 1 1
